function profiles = profwc118t24d0311nl10k
% First hour of data is 0
% 2015.09.28
% Alberto J. Lamadrid
define_constants;
[CT_LABEL, CT_PROB, CT_TABLE, CT_TBUS, CT_TGEN, CT_TBRCH, CT_TAREABUS, ...
    CT_TAREAGEN, CT_TAREABRCH, CT_ROW, CT_COL, CT_CHGTYPE, CT_REP, ...
    CT_REL, CT_ADD, CT_NEWVAL, CT_TLOAD, CT_TAREALOAD, CT_LOAD_ALL_PQ, ...
    CT_LOAD_FIX_PQ, CT_LOAD_DIS_PQ, CT_LOAD_ALL_P, CT_LOAD_FIX_P, ...
    CT_LOAD_DIS_P, CT_TGENCOST, CT_TAREAGENCOST, CT_MODCOST_F, ...
    CT_MODCOST_X] = idx_ct;

profiles = struct( ...
    'type', 'mpcData', ...
    'rows', [], ...
    'table', CT_TGEN, ...
    'col', PMAX, ...
    'chgtype', CT_REL, ...
    'values', [] );
profiles.rows(:, 1) = [
1:  12
];
profiles.values(:, :, 1) = [
  0.85106228  0.85014281  0.84854199  0.84679442  0.84408560
  0.84634221  0.85067136  0.84534789  0.84327237  0.83784373
  0.84562229  0.84761757  0.84121260  0.83523606  0.82961311
  0.84470399  0.83861323  0.83124648  0.83734094  0.84151250
  0.83786034  0.82454464  0.82189962  0.82610336  0.81487385
  0.82774499  0.80981308  0.80767210  0.80836509  0.80598659
  0.80480077  0.80443307  0.78617008  0.79215129  0.76156363
  0.79486805  0.77937428  0.76548613  0.75461627  0.74956845
  0.77371292  0.75479551  0.73968098  0.72892416  0.71551188
  0.75117876  0.74809565  0.71285537  0.68663941  0.67849102
  0.72753464  0.71426921  0.68542466  0.66866228  0.65869888
  0.70442778  0.69362109  0.66130408  0.63505561  0.62675583
  0.68340160  0.67066982  0.63673649  0.61361794  0.60619963
  0.66497266  0.65029156  0.61620971  0.59108079  0.57852660
  0.64142292  0.61848141  0.59468256  0.57914601  0.54843102
  0.62557126  0.60358643  0.57338572  0.55250634  0.53035689
  0.59222798  0.58395550  0.55488837  0.53609702  0.50713164
  0.56348059  0.56066240  0.53826736  0.52317365  0.48894817
  0.55678618  0.54261755  0.52394708  0.51223765  0.47364947
  0.54164657  0.53739254  0.51433443  0.49560211  0.46377929
  0.55504021  0.53054911  0.50959964  0.48765879  0.45487468
  0.56378713  0.53504064  0.50785534  0.47340988  0.44424504
  0.58280986  0.53695944  0.50802232  0.46538177  0.44044444
  0.57889475  0.55328063  0.50886776  0.45164788  0.42326854
  0.60464160  0.55688362  0.50772224  0.45320542  0.41265777
];
profiles.values(:, :, 2) = [
  0.94457992  0.94244125  0.93885762  0.93460726  0.93120117
  0.94259761  0.93957415  0.93577047  0.93239027  0.92676661
  0.94220355  0.93837527  0.93318872  0.92735088  0.92294873
  0.94142537  0.93521638  0.92832182  0.91947896  0.91408086
  0.94081467  0.93137857  0.91983823  0.90677616  0.89530663
  0.93807669  0.92736880  0.90778016  0.88526720  0.86643139
  0.93357765  0.91986312  0.89234108  0.85838725  0.83333381
  0.92633170  0.90802538  0.87335116  0.83096622  0.79684351
  0.91919634  0.89322330  0.85153293  0.79755850  0.75615867
  0.90877971  0.87592812  0.82680775  0.76540431  0.71743806
  0.89428501  0.85984010  0.80024328  0.72928852  0.67651453
  0.88025200  0.84133979  0.77042002  0.68815096  0.63676784
  0.85568878  0.81494290  0.74083878  0.65875255  0.59893424
  0.83672461  0.79101884  0.71090274  0.62744440  0.56295484
  0.82177049  0.76856080  0.68296334  0.59756088  0.53134778
  0.81047905  0.74783773  0.65786956  0.56655552  0.50412811
  0.78752347  0.71983155  0.63145990  0.53487438  0.47149884
  0.75464843  0.68786420  0.60288928  0.51636138  0.44328093
  0.72667436  0.66467388  0.57560413  0.49229424  0.41812082
  0.69654117  0.63776076  0.55263610  0.47614995  0.39585726
  0.69112969  0.63161993  0.54213930  0.46446105  0.38702083
  0.69280411  0.64187823  0.54196777  0.45603560  0.38582698
  0.71584325  0.64120992  0.54635750  0.45984798  0.38326800
  0.73687363  0.64905819  0.55340182  0.45877155  0.39132937
  0.74815016  0.66442625  0.55728243  0.45811896  0.38260267
];
profiles.values(:, :, 3) = [
  0.91491044  0.91295332  0.91036731  0.90800270  0.90762059
  0.91241801  0.90762414  0.90171297  0.89514091  0.89288297
  0.90981257  0.90406804  0.89036701  0.87514366  0.86434839
  0.90325714  0.89355248  0.87554843  0.85214873  0.82977447
  0.89653152  0.88265825  0.85706572  0.82173681  0.78764674
  0.88739403  0.87168269  0.83423058  0.78530237  0.74020938
  0.88300703  0.85778898  0.80824058  0.74445964  0.68947677
  0.87317577  0.83920348  0.77921875  0.70227807  0.64018756
  0.85863753  0.81977627  0.74740235  0.66105061  0.59325265
  0.84898692  0.79618281  0.71340715  0.61879501  0.54731786
  0.83811171  0.77212049  0.67637643  0.57657233  0.50127723
  0.81911578  0.74586541  0.63823045  0.52841695  0.46414748
  0.79329106  0.71586583  0.59881217  0.48588480  0.42325095
  0.76385907  0.68023407  0.56005506  0.44849607  0.38993931
  0.73751535  0.64398609  0.52393752  0.41905378  0.36078703
  0.71145554  0.61172454  0.49258654  0.39296282  0.33829544
  0.69100830  0.58950248  0.46822213  0.37015852  0.31723738
  0.67789499  0.57571738  0.45212901  0.35336958  0.29951247
  0.66995558  0.57435370  0.44330254  0.34531132  0.29032399
  0.67219175  0.57761092  0.44333362  0.34362654  0.28271724
  0.68110380  0.58806886  0.45030067  0.34991639  0.28686641
  0.69833818  0.59004327  0.46201219  0.35911865  0.28763384
  0.71077622  0.60960486  0.47284622  0.36269837  0.28723557
  0.72628078  0.62943948  0.48238089  0.36527502  0.28545775
  0.73906709  0.63933260  0.49043440  0.36766507  0.28517035
];
profiles.values(:, :, 4) = [
  0.85043335  0.84478120  0.83614512  0.82614075  0.81765096
  0.84893060  0.84469246  0.83298705  0.81879624  0.80668401
  0.85029855  0.83817929  0.82512604  0.81173638  0.79871268
  0.84627344  0.83385386  0.81284033  0.80400242  0.81506155
  0.75740861  0.80226833  0.80090557  0.81991514  0.83046036
  0.73351909  0.76755000  0.78791691  0.81009920  0.82653059
  0.70845856  0.75568531  0.76941987  0.79968551  0.77636250
  0.68346391  0.73906450  0.75077985  0.78417508  0.75245843
  0.65961779  0.71315936  0.73264954  0.76396194  0.78315360
  0.63791612  0.69735020  0.71267883  0.75235615  0.77495370
  0.62874936  0.65677272  0.69931605  0.73609343  0.77110399
  0.59469120  0.61754203  0.68160568  0.73670540  0.73830684
  0.59367632  0.59719180  0.66190965  0.70721553  0.73910769
  0.56470698  0.58911679  0.63713546  0.68451963  0.72039126
  0.53291091  0.55283724  0.61269200  0.67915506  0.69975406
  0.49790120  0.53428776  0.59120980  0.65023847  0.62743647
  0.47689115  0.48733529  0.57267341  0.64067679  0.63712300
  0.46309969  0.49945085  0.55713883  0.61140699  0.59485311
  0.45407950  0.48096600  0.55013781  0.60181077  0.61500016
  0.45308615  0.50255970  0.54779747  0.59082257  0.57948838
  0.45996618  0.49312817  0.55320528  0.61350411  0.62025024
  0.46661366  0.49744116  0.56495987  0.61625536  0.64481620
  0.48058732  0.51544212  0.57142127  0.62119182  0.66934101
  0.47464613  0.51725507  0.58237092  0.63988091  0.62673687
  0.47541851  0.51386283  0.59188475  0.64385469  0.65039679
];
