function [req, req0] = req
% 2018.03.23
% Alberto J. Lamadrid L.

req = [
	88.188776	87.624332	87.043052	86.226487	85.145512	83.806641	88.024521	112.527060	131.521430	142.134049	148.747416	152.877725	153.556243	152.143295	152.243830	151.367985	151.441795	154.112295	154.234742	154.357135	154.323722	154.212556	154.033002	136.531893	;
	];

req0 = [
	84.859549	84.568201	84.097329	83.344753	82.261921	80.815161	84.751287	108.818939	127.490623	137.945989	144.481993	148.580509	149.292382	147.948157	148.089288	147.271690	147.379859	150.000000	150.000000	150.000000	150.000000	150.000000	150.000000	132.862533	;
	];
