function profiles = proflc118t24d0311nl10k
% First hour of data is 0
% 2015.09.28
% Alberto J. Lamadrid
define_constants;
[CT_LABEL, CT_PROB, CT_TABLE, CT_TBUS, CT_TGEN, CT_TBRCH, CT_TAREABUS, ...
    CT_TAREAGEN, CT_TAREABRCH, CT_ROW, CT_COL, CT_CHGTYPE, CT_REP, ...
    CT_REL, CT_ADD, CT_NEWVAL, CT_TLOAD, CT_TAREALOAD, CT_LOAD_ALL_PQ, ...
    CT_LOAD_FIX_PQ, CT_LOAD_DIS_PQ, CT_LOAD_ALL_P, CT_LOAD_FIX_P, ...
    CT_LOAD_DIS_P, CT_TGENCOST, CT_TAREAGENCOST, CT_MODCOST_F, ...
    CT_MODCOST_X] = idx_ct;

profiles = struct( ...
    'type', 'mpcData', ...
    'rows', [], ...
    'table', CT_TLOAD, ...
    'col', CT_LOAD_ALL_P, ...
    'chgtype', CT_REL, ...
    'values', [] );
profiles.rows(:, 1) = [
0
];
profiles.values(:, :, 1) = [
  0.52844863  0.52844863  0.52844863  0.52844863  0.52844863
  0.48097899  0.48275605  0.48503507  0.48739459  0.48902505
  0.46324483  0.46512813  0.46750152  0.46984453  0.47158844
  0.45364168  0.45533676  0.45749996  0.45938624  0.46073622
  0.45310185  0.45523176  0.45785990  0.46007944  0.46145025
  0.46829937  0.47154985  0.47496309  0.47797867  0.47982945
  0.51101892  0.51491788  0.51972716  0.52385763  0.52652222
  0.57690492  0.58237297  0.58885050  0.59463701  0.59906329
  0.62503466  0.63204381  0.64009332  0.64746283  0.65377145
  0.64913721  0.65606706  0.66521896  0.67381747  0.68135930
  0.66105738  0.66812878  0.67749735  0.68703878  0.69510545
  0.66519356  0.67274972  0.68240565  0.69245302  0.70143037
  0.65999656  0.66766861  0.67725602  0.68760324  0.69566719
  0.64929971  0.65688734  0.66632296  0.67675867  0.68557459
  0.64306864  0.65001641  0.65948612  0.67050119  0.67923051
  0.63403895  0.64082670  0.65014526  0.66128596  0.67001650
  0.62858067  0.63481309  0.64462800  0.65580008  0.66487887
  0.63574983  0.64216972  0.65245598  0.66413758  0.67273946
  0.65322165  0.66125686  0.67177405  0.68443408  0.69347735
  0.67106165  0.68022204  0.69114450  0.70469667  0.71345121
  0.66635888  0.67518689  0.68584197  0.69947606  0.70815376
  0.64991114  0.65770276  0.66861251  0.68121192  0.68984938
  0.62293711  0.62997046  0.64017605  0.65139092  0.65940647
  0.56770735  0.57398952  0.58251483  0.59169884  0.59852805
  0.50630619  0.51162454  0.51834822  0.52588603  0.53117222
];
