function transmat = transmatc118t24j5d0311nl10k
% 2015.09.28
% Alberto J. Lamadrid
transmat0 = [
  0.08000000  0.04413793  0.02454545  0.00275862  0.00000010
  0.28800000  0.25379310  0.13787879  0.06206897  0.04000000
  0.60000000  0.63379310  0.67666667  0.64896552  0.49600000
  0.03200000  0.06482759  0.14075758  0.23172414  0.33200000
  0.00000010  0.00344828  0.02015152  0.05448276  0.13200000
];
transmat{1} = transmat0(:, 3);
transmat{2} = [
  0.18400000  0.07586207  0.01363636  0.00275862  0.00000010
  0.41600000  0.32689655  0.12833333  0.01724138  0.00000010
  0.38800000  0.57655172  0.71575758  0.57931034  0.41200000
  0.01200000  0.01862069  0.13045455  0.32275862  0.36400000
  0.00000010  0.00206897  0.01181818  0.07793103  0.22400000
];
transmat{3} = [
  0.15600000  0.06689655  0.01681818  0.00206897  0.00000010
  0.37200000  0.29103448  0.13393939  0.03310345  0.01200000
  0.46400000  0.61103448  0.70257576  0.60068966  0.36000000
  0.00800000  0.02896552  0.13348485  0.28965517  0.42000000
  0.00000010  0.00206897  0.01318182  0.07448276  0.20800000
];
transmat{4} = [
  0.26400000  0.08137931  0.01000000  0.00000010  0.00000010
  0.47600000  0.38896552  0.11500000  0.00551724  0.00000010
  0.26000000  0.52344828  0.76166667  0.48965517  0.15600000
  0.00000010  0.00620690  0.10727273  0.42137931  0.48800000
  0.00000010  0.00000010  0.00606061  0.08344828  0.35600000
];
transmat{5} = [
  0.42400000  0.08551724  0.00303030  0.00000010  0.00000010
  0.50000000  0.47724138  0.09590909  0.00000010  0.00000010
  0.07600000  0.43724138  0.81787879  0.37448276  0.02400000
  0.00000010  0.00000010  0.08166667  0.55172414  0.44400000
  0.00000010  0.00000010  0.00151515  0.07379310  0.53200000
];
transmat{6} = [
  0.49200000  0.08551724  0.00045455  0.00000010  0.00000010
  0.49200000  0.56413793  0.07712121  0.00000010  0.00000010
  0.01600000  0.35034483  0.84939394  0.32965517  0.01600000
  0.00000010  0.00000010  0.07257576  0.59517241  0.43200000
  0.00000010  0.00000010  0.00045455  0.07517241  0.55200000
];
transmat{7} = [
  0.59600000  0.06896552  0.00015152  0.00000010  0.00000010
  0.38400000  0.62137931  0.06863636  0.00000010  0.00000010
  0.02000000  0.30965517  0.87136364  0.27172414  0.00400000
  0.00000010  0.00000010  0.05984848  0.66620690  0.35600000
  0.00000010  0.00000010  0.00000010  0.06206897  0.64000000
];
transmat{8} = [
  0.62800000  0.06275862  0.00030303  0.00000010  0.00000010
  0.36800000  0.66068966  0.06060606  0.00000010  0.00000010
  0.00400000  0.27655172  0.88106061  0.26413793  0.00000010
  0.00000010  0.00000010  0.05803030  0.67793103  0.33600000
  0.00000010  0.00000010  0.00000010  0.05793103  0.66400000
];
transmat{9} = [
  0.66400000  0.05793103  0.00000010  0.00000010  0.00000010
  0.33600000  0.69379310  0.05454545  0.00000010  0.00000010
  0.00000010  0.24827586  0.89287879  0.23862069  0.00400000
  0.00000010  0.00000010  0.05257576  0.70758621  0.30800000
  0.00000010  0.00000010  0.00000010  0.05379310  0.68800000
];
transmat{10} = [
  0.65600000  0.05931034  0.00000010  0.00000010  0.00000010
  0.34400000  0.70620690  0.05151515  0.00000010  0.00000010
  0.00000010  0.23448276  0.89712121  0.23379310  0.00000010
  0.00000010  0.00000010  0.05121212  0.71931034  0.27600000
  0.00000010  0.00000010  0.00015152  0.04689655  0.72400000
];
transmat{11} = [
  0.69200000  0.05310345  0.00000010  0.00000010  0.00000010
  0.30800000  0.72551724  0.04863636  0.00000010  0.00000010
  0.00000010  0.22137931  0.90727273  0.20068966  0.00000010
  0.00000010  0.00000010  0.04409091  0.74896552  0.29200000
  0.00000010  0.00000010  0.00000010  0.05034483  0.70800000
];
transmat{12} = [
  0.74400000  0.04413793  0.00000010  0.00000010  0.00000010
  0.25600000  0.74689655  0.04590909  0.00000010  0.00000010
  0.00000010  0.20896552  0.90696970  0.21448276  0.00000010
  0.00000010  0.00000010  0.04712121  0.73379310  0.30000000
  0.00000010  0.00000010  0.00000010  0.05172414  0.70000000
];
transmat{13} = [
  0.71600000  0.04896552  0.00000010  0.00000010  0.00000010
  0.28400000  0.75172414  0.04378788  0.00000010  0.00000010
  0.00000010  0.19931034  0.91227273  0.20000000  0.00000010
  0.00000010  0.00000010  0.04393939  0.75103448  0.28400000
  0.00000010  0.00000010  0.00000010  0.04896552  0.71600000
];
transmat{14} = [
  0.73200000  0.04620690  0.00000010  0.00000010  0.00000010
  0.26800000  0.76275862  0.04196970  0.00000010  0.00000010
  0.00000010  0.19103448  0.91348485  0.20275862  0.00000010
  0.00000010  0.00000010  0.04454545  0.75034483  0.27200000
  0.00000010  0.00000010  0.00000010  0.04689655  0.72800000
];
transmat{15} = [
  0.77200000  0.03931034  0.00000010  0.00000010  0.00000010
  0.22800000  0.77034483  0.04181818  0.00000010  0.00000010
  0.00000010  0.19034483  0.91484848  0.19724138  0.00000010
  0.00000010  0.00000010  0.04333333  0.75862069  0.25600000
  0.00000010  0.00000010  0.00000010  0.04413793  0.74400000
];
transmat{16} = [
  0.75600000  0.04206897  0.00000010  0.00000010  0.00000010
  0.24400000  0.77103448  0.04106061  0.00000010  0.00000010
  0.00000010  0.18689655  0.91772727  0.18758621  0.00000010
  0.00000010  0.00000010  0.04121212  0.76551724  0.27200000
  0.00000010  0.00000010  0.00000010  0.04689655  0.72800000
];
transmat{17} = [
  0.73600000  0.04551724  0.00000010  0.00000010  0.00000010
  0.26400000  0.76758621  0.04106061  0.00000010  0.00000010
  0.00000010  0.18689655  0.91757576  0.18827586  0.00000010
  0.00000010  0.00000010  0.04136364  0.77172414  0.23200000
  0.00000010  0.00000010  0.00000010  0.04000000  0.76800000
];
transmat{18} = [
  0.72800000  0.04689655  0.00000010  0.00000010  0.00000010
  0.27200000  0.77586207  0.03893939  0.00000010  0.00000010
  0.00000010  0.17724138  0.91848485  0.19379310  0.00000010
  0.00000010  0.00000010  0.04257576  0.76000000  0.26800000
  0.00000010  0.00000010  0.00000010  0.04620690  0.73200000
];
transmat{19} = [
  0.75200000  0.04275862  0.00000010  0.00000010  0.00000010
  0.24800000  0.77241379  0.04060606  0.00000010  0.00000010
  0.00000010  0.18482759  0.91939394  0.18206897  0.00000010
  0.00000010  0.00000010  0.04000000  0.77586207  0.24400000
  0.00000010  0.00000010  0.00000010  0.04206897  0.75600000
];
transmat{20} = [
  0.78400000  0.03724138  0.00000010  0.00000010  0.00000010
  0.21600000  0.77793103  0.04060606  0.00000010  0.00000010
  0.00000010  0.18482759  0.91696970  0.19310345  0.00000010
  0.00000010  0.00000010  0.04242424  0.76413793  0.24800000
  0.00000010  0.00000010  0.00000010  0.04275862  0.75200000
];
transmat{21} = [
  0.72400000  0.04758621  0.00000010  0.00000010  0.00000010
  0.27600000  0.77586207  0.03878788  0.00000010  0.00000010
  0.00000010  0.17655172  0.92303030  0.17379310  0.00000010
  0.00000010  0.00000010  0.03818182  0.77862069  0.27600000
  0.00000010  0.00000010  0.00000010  0.04758621  0.72400000
];
transmat{22} = [
  0.74400000  0.04413793  0.00000010  0.00000010  0.00000010
  0.25600000  0.78896552  0.03666667  0.00000010  0.00000010
  0.00000010  0.16689655  0.92151515  0.19034483  0.00000010
  0.00000010  0.00000010  0.04181818  0.76482759  0.26000000
  0.00000010  0.00000010  0.00000010  0.04482759  0.74000000
];
transmat{23} = [
  0.79600000  0.03517241  0.00000010  0.00000010  0.00000010
  0.20400000  0.79586207  0.03712121  0.00000010  0.00000010
  0.00000010  0.16896552  0.92196970  0.18620690  0.00000010
  0.00000010  0.00000010  0.04090909  0.76965517  0.25600000
  0.00000010  0.00000010  0.00000010  0.04413793  0.74400000
];
transmat{24} = [
  0.82800000  0.02965517  0.00000010  0.00000010  0.00000010
  0.17200000  0.82551724  0.03181818  0.00000010  0.00000010
  0.00000010  0.14482759  0.93227273  0.16344828  0.00000010
  0.00000010  0.00000010  0.03590909  0.80000000  0.21200000
  0.00000010  0.00000010  0.00000010  0.03655172  0.78800000
];
