function [req, req0] = req
% 2018.03.23
% Alberto J. Lamadrid L.

req = [
	622.505486	376.159784	325.687032	335.574849	333.694407	329.395257	562.941866	554.021635	541.552840	524.268274	503.963692	481.483306	457.069231	464.033851	483.790168	498.261184	510.495826	530.898308	554.951785	573.605848	564.112557	541.503533	506.634269	448.150174	;
	274.423814	276.720360	278.944379	278.247752	277.260464	275.568017	273.576641	270.466676	265.058375	257.422546	248.344760	238.529668	228.556818	219.681407	211.876355	205.550240	201.918858	201.437682	219.844943	234.820296	234.591898	213.534227	215.854139	216.225324	;
	210.504236	204.165519	203.165533	202.588777	202.600189	203.559717	206.081399	209.982050	212.876012	214.300381	215.005545	215.291322	215.008075	214.399058	214.023339	213.502731	213.190933	213.632767	214.726704	215.819930	215.522621	214.538302	212.925728	209.667392	;
	308.570022	307.650500	308.594582	307.189559	306.279761	305.926941	307.337865	309.448614	307.943743	302.281383	294.233829	290.012325	289.876803	289.008331	288.620617	287.886838	287.539070	288.722485	291.230285	293.655859	293.020606	290.857819	287.322439	280.252736	;
	];

req0 = [
	577.309253	336.899451	288.783810	299.826432	297.620340	290.635198	517.621593	498.690941	478.546892	457.088576	434.280241	410.253799	385.692237	393.370720	413.327386	428.422186	440.887563	459.853137	481.024711	496.922073	488.125070	467.951804	437.078440	386.549707	;
	260.192748	264.545757	267.587012	267.270997	266.150809	263.506737	259.213091	252.591614	244.470376	235.329399	225.316752	214.896822	204.811373	196.136992	188.366057	182.233658	178.668016	177.681438	195.085633	209.100000	209.100000	188.877082	192.578232	195.699621	;
	181.023924	177.144000	177.144000	177.144000	177.144000	177.144000	177.144000	177.144000	177.144000	177.144000	177.144000	177.144000	177.144000	177.144000	177.144000	177.144000	177.144000	177.144000	177.144000	177.144000	177.144000	177.144000	177.144000	177.144000	;
	260.192748	264.545757	267.587012	267.270997	266.150809	263.506737	259.213091	252.591614	244.470376	235.329399	225.316752	220.000000	220.000000	220.000000	220.000000	220.000000	220.000000	220.000000	220.000000	220.000000	220.000000	220.000000	220.000000	220.000000	;
	];
