function xgd_table = xGenDataUC2(gen, inp)
% File created using xgendatagr0v3, t_xgendatauc
% 2015.05.17
% Alberto J. Lamadrid

xgd_table.colnames = {
 'InitialPg',...
 'RampWearCostCoeff',...
 'PositiveActiveReservePrice',...
 'PositiveActiveReserveQuantity',...
 'NegativeActiveReservePrice',...
 'NegativeActiveReserveQuantity',...
 'PositiveActiveDeltaPrice',...
 'NegativeActiveDeltaPrice',...
 'PositiveLoadFollowReservePrice',...
 'PositiveLoadFollowReserveQuantity',...
 'NegativeLoadFollowReservePrice',...
 'NegativeLoadFollowReserveQuantity',...
 'CommitKey',...
 'InitialState',...
 'MinUp',...
 'MinDown',...
};

xgd_table.data = [
    0.0000    0.0000    5.0000  200.0000    5.0010  200.0010    0.0010    0.0020    1.0000  200.0000    1.0010  200.0010    1.0000    2.0000    2.0000    2.0000
    0.0000    0.0000    5.0000  200.0000    5.0010  200.0010    0.0010    0.0020    2.0000  200.0000    2.0010  200.0010    1.0000   12.0000   12.0000   12.0000
  450.0000    0.0000    5.0000 1100.0000    5.0010 1100.0010    0.0010    0.0020    3.0000 1100.0000    3.0010 1100.0010    2.0000    1.0000    1.0000    1.0000
   85.0000    0.0000    5.0000  370.0000    5.0010  370.0010    0.0010    0.0020    2.0000  370.0000    2.0010  370.0010    1.0000   12.0000   12.0000   12.0000
    0.0000    0.0000    5.0000  200.0000    5.0010  200.0010    0.0010    0.0020    2.0000  200.0000    2.0010  200.0010    1.0000   12.0000   12.0000   12.0000
  220.0000    0.0000    5.0000  640.0000    5.0010  640.0010    0.0010    0.0020    2.0000  640.0000    2.0010  640.0010    1.0000   12.0000   12.0000   12.0000
  314.0000    0.0000    5.0000  828.0000    5.0010  828.0010    0.0010    0.0020    2.0000  828.0000    2.0010  828.0010    1.0000   12.0000   12.0000   12.0000
    0.0000    0.0000    5.0000  200.0000    5.0010  200.0010    0.0010    0.0020    2.0000  200.0000    2.0010  200.0010    1.0000   12.0000   12.0000   12.0000
    0.0000    0.0000    5.0000  200.0000    5.0010  200.0010    0.0010    0.0020    2.0000  200.0000    2.0010  200.0010    1.0000   12.0000   12.0000   12.0000
    0.0000    0.0000    5.0000  200.0000    5.0010  200.0010    0.0010    0.0020    2.0000  200.0000    2.0010  200.0010    1.0000   12.0000   12.0000   12.0000
   19.0000    0.0000    5.0000  238.0000    5.0010  238.0010    0.0010    0.0020    2.0000  238.0000    2.0010  238.0010    1.0000   12.0000   12.0000   12.0000
  102.0000    0.0000    5.0000  304.0000    5.0010  304.0010    0.0010    0.0020    2.0000  304.0000    2.0010  304.0010    1.0000   12.0000   12.0000   12.0000
  102.0000    0.0000    5.0000  304.0000    5.0010  304.0010    0.0010    0.0020    2.0000  304.0000    2.0010  304.0010    1.0000   12.0000   12.0000   12.0000
   48.0000    0.0000    5.0000  296.0000    5.0010  296.0010    0.0010    0.0020    1.0000  296.0000    1.0010  296.0010    1.0000    2.0000    2.0000    2.0000
  155.0000    0.0000    0.0010  510.0000    0.0020  510.0010    0.0010    0.0020    0.0010  510.0000    0.0020  510.0010    1.0000    6.0000    6.0000    8.0000
  160.0000    0.0000    0.0010  520.0000    0.0020  520.0010    0.0010    0.0020    0.0010  520.0000    0.0020  520.0010    1.0000    6.0000    6.0000    8.0000
    0.0000    0.0000    0.0010  200.0000    0.0020  200.0010    0.0010    0.0020    0.0010  200.0000    0.0020  200.0010    1.0000    6.0000    6.0000    8.0000
  195.5000    0.0000    5.0000  491.0000    5.0010  491.0010    0.0010    0.0020    1.0000  491.0000    1.0010  491.0010    1.0000    2.0000    2.0000    2.0000
  195.5000    0.0000    5.0000  491.0000    5.0010  491.0010    0.0010    0.0020    1.0000  491.0000    1.0010  491.0010    1.0000    2.0000    2.0000    2.0000
  196.0000    0.0000    5.0000  492.0000    5.0010  492.0010    0.0010    0.0020    1.0000  492.0000    1.0010  492.0010    1.0000    2.0000    2.0000    2.0000
  196.0000    0.0000    5.0000  492.0000    5.0010  492.0010    0.0010    0.0020    1.0000  492.0000    1.0010  492.0010    1.0000    2.0000    2.0000    2.0000
  258.2000    0.0000    5.0000  805.2000    5.0010  805.2010    0.0010    0.0020    1.0000  805.2000    1.0010  805.2010    1.0000    2.0000    2.0000    2.0000
  258.2000    0.0000    5.0000  805.2000    5.0010  805.2010    0.0010    0.0020    1.0000  805.2000    1.0010  805.2010    1.0000    2.0000    2.0000    2.0000
    0.0000    0.0000    5.0000  200.0000    5.0010  200.0010    0.0010    0.0020    2.0000  200.0000    2.0010  200.0010    1.0000   12.0000   12.0000   12.0000
    0.0000    0.0000    5.0000  200.0000    5.0010  200.0010    0.0010    0.0020    2.0000  200.0000    2.0010  200.0010    1.0000   12.0000   12.0000   12.0000
    0.0000    0.0000    5.0000  200.0000    5.0010  200.0010    0.0010    0.0020    1.0000  200.0000    1.0010  200.0010    1.0000    2.0000    2.0000    2.0000
    0.0000    0.0000    5.0000  200.0000    5.0010  200.0010    0.0010    0.0020    1.0000  200.0000    1.0010  200.0010    1.0000    2.0000    2.0000    2.0000
  477.0000    0.0000    5.0000 1154.0000    5.0010 1154.0010    0.0010    0.0020    2.0000 1154.0000    2.0010 1154.0010    1.0000   12.0000   12.0000   12.0000
    4.0000    0.0000    5.0000  208.0000    5.0010  208.0010    0.0010    0.0020    2.0000  208.0000    2.0010  208.0010    1.0000   12.0000   12.0000   12.0000
  303.5000    0.0000    5.0000  707.0000    5.0010  707.0010    0.0010    0.0020    1.0000  707.0000    1.0010  707.0010    1.0000    2.0000    2.0000    2.0000
  303.5000    0.0000    5.0000  707.0000    5.0010  707.0010    0.0010    0.0020    1.0000  707.0000    1.0010  707.0010    1.0000    2.0000    2.0000    2.0000
    0.0000    0.0000    5.0000  200.0000    5.0010  200.0010    0.0010    0.0020    2.0000  200.0000    2.0010  200.0010    1.0000   12.0000   12.0000   12.0000
    0.0000    0.0000    5.0000  200.0000    5.0010  200.0010    0.0010    0.0020    2.0000  200.0000    2.0010  200.0010    1.0000   12.0000   12.0000   12.0000
    0.0000    0.0000    5.0000  200.0000    5.0010  200.0010    0.0010    0.0020    3.0000  200.0000    3.0010  200.0010    2.0000    1.0000    1.0000    1.0000
  252.0000    0.0000    5.0000  704.0000    5.0010  704.0010    0.0010    0.0020    2.0000  704.0000    2.0010  704.0010    1.0000   12.0000   12.0000   12.0000
   40.0000    0.0000    5.0000  280.0000    5.0010  280.0010    0.0010    0.0020    3.0000  280.0000    3.0010  280.0010    2.0000    1.0000    1.0000    1.0000
    0.0000    0.0000    5.0000  200.0000    5.0010  200.0010    0.0010    0.0020    3.0000  200.0000    3.0010  200.0010    2.0000    1.0000    1.0000    1.0000
    0.0000    0.0000    5.0000  200.0000    5.0010  200.0010    0.0010    0.0020    3.0000  200.0000    3.0010  200.0010    2.0000    1.0000    1.0000    1.0000
    0.0000    0.0000    5.0000  200.0000    5.0010  200.0010    0.0010    0.0020    3.0000  200.0000    3.0010  200.0010    2.0000    1.0000    1.0000    1.0000
   36.0000    0.0000    5.0000  272.0000    5.0010  272.0010    0.0010    0.0020    2.0000  272.0000    2.0010  272.0010    1.0000   12.0000   12.0000   12.0000
    0.0000    0.0000    5.0000  200.0000    5.0010  200.0010    0.0010    0.0020    2.0000  200.0000    2.0010  200.0010    1.0000   12.0000   12.0000   12.0000
    0.0000    0.0000    5.0000  200.0000    5.0010  200.0010    0.0010    0.0020    2.0000  200.0000    2.0010  200.0010    1.0000   12.0000   12.0000   12.0000
    0.0000    0.0000    0.0010  112.6434    0.0020  112.6444    0.0010    0.0020    0.0010  112.6434    0.0020  112.6444    2.0000    1.0000    1.0000    1.0000
    0.0000    0.0000    0.0010 1084.8429    0.0020 1084.8439    0.0010    0.0020    0.0010 1084.8429    0.0020 1084.8439    2.0000    1.0000    1.0000    1.0000
    0.0000    0.0000    0.0010 1285.8681    0.0020 1285.8691    0.0010    0.0020    0.0010 1285.8681    0.0020 1285.8691    2.0000    1.0000    1.0000    1.0000
