function profiles = trajlc9t24d0311tr20
% First hour of data is 0
% 2014.07.24
% Alberto J. Lamadrid

define_constants
[CT_LABEL, CT_PROB, CT_TABLE, CT_TBUS, CT_TGEN, CT_TBRCH, CT_TAREABUS, ...
    CT_TAREAGEN, CT_TAREABRCH, CT_ROW, CT_COL, CT_CHGTYPE, CT_REP, ...
    CT_REL, CT_ADD, CT_NEWVAL, CT_TLOAD, CT_TAREALOAD, CT_LOAD_ALL_PQ, ...
    CT_LOAD_FIX_PQ, CT_LOAD_DIS_PQ, CT_LOAD_ALL_P, CT_LOAD_FIX_P, ...
    CT_LOAD_DIS_P, CT_TGENCOST, CT_TAREAGENCOST, CT_MODCOST_F, ...
    CT_MODCOST_X] = idx_ct;

profiles = struct( ...
    'type', 'mpcData', ...
    'rows', 1, ...
    'table', CT_TAREALOAD, ...
    'col', CT_LOAD_ALL_P, ...
    'chgtype', CT_REL, ...
    'values', [] );
profiles.values(:, :, 1) = [
  0.52844863  0.52844863  0.52844863  0.52844863  0.52844863  0.52844863  0.52844863  0.52844863  0.52844863  0.52844863  0.52844863  0.52844863  0.52844863  0.52844863  0.52844863  0.52844863  0.52844863  0.52844863  0.52844863  0.52844863
  0.48647949  0.48528866  0.48288746  0.48201623  0.48596164  0.48514373  0.48301807  0.48440298  0.48301365  0.48564965  0.48540199  0.48711287  0.48747929  0.49012219  0.48400933  0.48567453  0.48445462  0.48525543  0.48286453  0.48539001
  0.46778641  0.46868891  0.46574633  0.46446158  0.46772195  0.46547773  0.46738503  0.46780751  0.46658351  0.46928207  0.46605354  0.47067723  0.46883050  0.46872195  0.46716911  0.46915442  0.46739828  0.46776286  0.46712669  0.46835768
  0.45773047  0.45854313  0.45804624  0.45624336  0.45828706  0.45668937  0.45703268  0.46000572  0.45801268  0.45816474  0.45834556  0.45835963  0.45485310  0.45431251  0.45628640  0.45770986  0.45846221  0.45662923  0.45873787  0.45739309
  0.45747775  0.45604276  0.45780707  0.45972507  0.46060587  0.46208930  0.45848935  0.46000730  0.46100615  0.45678318  0.45943097  0.45545634  0.45238777  0.45167716  0.45965871  0.45801122  0.45841889  0.45701431  0.46229332  0.45874188
  0.47351990  0.47056940  0.47862474  0.47925913  0.47516821  0.48270492  0.47498790  0.47774877  0.47959820  0.47424535  0.47524098  0.46879131  0.47073944  0.46556648  0.47539953  0.46837097  0.47301083  0.47379055  0.47855602  0.46856693
  0.51847864  0.51672694  0.52518937  0.52915741  0.51617858  0.52167623  0.52158995  0.51679747  0.52297171  0.51600015  0.51775571  0.51159104  0.51987912  0.51065922  0.52160953  0.51318963  0.51985402  0.51981120  0.52174608  0.51647462
  0.58346042  0.58837590  0.59648420  0.60128276  0.58275086  0.58733626  0.59561626  0.58524824  0.58901346  0.58278713  0.58848336  0.57526129  0.59442558  0.58573530  0.59305620  0.58562373  0.59369099  0.58848544  0.58938319  0.59017153
  0.63302991  0.63924313  0.65039559  0.65685248  0.62994358  0.63244820  0.65367577  0.63655591  0.63906673  0.63146077  0.64337874  0.62747154  0.64422809  0.63965317  0.64929596  0.64071417  0.63898690  0.63531305  0.63992200  0.64169421
  0.66103951  0.67184845  0.67655417  0.67994794  0.64923796  0.65251864  0.67415448  0.65686406  0.66279883  0.65447481  0.66806020  0.65741159  0.66669941  0.66942122  0.66842450  0.66827259  0.66145060  0.66468241  0.66582768  0.67050806
  0.67334226  0.68415984  0.68465444  0.69073689  0.66269095  0.66813136  0.68841724  0.66364454  0.67548706  0.67177600  0.67402878  0.67668397  0.67428630  0.68679754  0.67705843  0.68332810  0.67455997  0.68485005  0.67029183  0.68372056
  0.67851467  0.68551890  0.68575503  0.69612068  0.66853306  0.67178415  0.69044229  0.66391972  0.68369305  0.67687876  0.67508265  0.68423737  0.68259627  0.69762900  0.68193397  0.69173158  0.68478605  0.69639809  0.66924248  0.68512005
  0.67162179  0.67649285  0.68075119  0.69094561  0.66255900  0.66246134  0.67881415  0.66179854  0.67905139  0.67559639  0.66770502  0.67994898  0.67658325  0.69285357  0.68065098  0.68205514  0.68159369  0.68954235  0.66356862  0.67733039
  0.66109926  0.66212798  0.67004128  0.67825745  0.65539643  0.64976009  0.66928835  0.64883293  0.66866831  0.66934884  0.65712813  0.67272877  0.65931047  0.67537634  0.67261255  0.66551982  0.66746763  0.67892904  0.65243722  0.65939746
  0.64899884  0.65488192  0.65700460  0.67667602  0.65584596  0.63911985  0.66504442  0.63408379  0.66436757  0.66340592  0.65171153  0.66778388  0.64951844  0.67071735  0.65742281  0.65836648  0.66518302  0.67697666  0.64022621  0.65618786
  0.63141600  0.64471762  0.64251999  0.66993966  0.65043330  0.62901511  0.64910092  0.62170423  0.65215801  0.65682506  0.64380622  0.66081447  0.64135821  0.66674623  0.64144978  0.64657647  0.65909973  0.66274236  0.63375998  0.64734247
  0.62468468  0.63422906  0.63392483  0.66365317  0.65375558  0.62870058  0.64057837  0.61355932  0.64597019  0.64791238  0.63418189  0.65262032  0.63424508  0.66588296  0.63530480  0.64324501  0.65214636  0.65286573  0.63115567  0.64062444
  0.63057053  0.64025482  0.64162332  0.66474104  0.66578458  0.64102226  0.64715502  0.62100905  0.64776973  0.65410381  0.64230469  0.65919312  0.64379897  0.66970232  0.64525847  0.65477920  0.65782676  0.65938339  0.63538653  0.64897562
  0.65059956  0.66182918  0.66738353  0.67471902  0.68979416  0.65884742  0.66239094  0.65252900  0.66192474  0.67144269  0.66031442  0.67618714  0.65975480  0.67984574  0.65869725  0.67570090  0.67186878  0.67416084  0.65634766  0.67654062
  0.67087055  0.68605339  0.68816325  0.68603974  0.70999219  0.68372938  0.68978947  0.68098166  0.68322060  0.69282070  0.68120578  0.69224244  0.67095055  0.70232663  0.67724451  0.69661553  0.69215566  0.69336007  0.67617547  0.70204459
  0.66681836  0.68263888  0.68155985  0.67530787  0.70820963  0.68299722  0.67984771  0.67591022  0.67984321  0.69059341  0.67807079  0.68264369  0.66231764  0.69815224  0.67204841  0.69596205  0.68566322  0.69195755  0.66712146  0.69227014
  0.65591103  0.66458193  0.65975054  0.65711778  0.68734965  0.66907790  0.66293117  0.65315147  0.66608053  0.67629717  0.66342587  0.66092244  0.64491150  0.67934168  0.65722814  0.67662084  0.65345730  0.67256367  0.64892001  0.67250318
  0.62531353  0.63346217  0.62994354  0.62804698  0.65346129  0.64134838  0.63571228  0.62615728  0.64407546  0.64425488  0.63184610  0.63649493  0.62294848  0.64797928  0.62590954  0.64820154  0.61928077  0.64498200  0.61691504  0.65284464
  0.56483504  0.57033385  0.57919858  0.57250351  0.58350948  0.58202491  0.57480692  0.56983678  0.58947937  0.58650287  0.58148419  0.58442403  0.56664487  0.58997355  0.56765316  0.58634506  0.56195550  0.58499731  0.56106449  0.59850700
  0.50675350  0.50845123  0.51359701  0.50637638  0.51636528  0.52240471  0.51122278  0.50730265  0.52618624  0.52287918  0.52567565  0.52408292  0.50081947  0.52232124  0.50676763  0.51165153  0.49924618  0.51710451  0.50068969  0.53487945
];
