function traj = trajwc9t24d0311tr20f
% First hour of data is 0
% 2015.04.16
% Alberto J. Lamadrid

define_constants;
[CT_LABEL, CT_PROB, CT_TABLE, CT_TBUS, CT_TGEN, CT_TBRCH, CT_TAREABUS, ...
    CT_TAREAGEN, CT_TAREABRCH, CT_ROW, CT_COL, CT_CHGTYPE, CT_REP, ...
    CT_REL, CT_ADD, CT_NEWVAL, CT_TLOAD, CT_TAREALOAD, CT_LOAD_ALL_PQ, ...
    CT_LOAD_FIX_PQ, CT_LOAD_DIS_PQ, CT_LOAD_ALL_P, CT_LOAD_FIX_P, ...
    CT_LOAD_DIS_P, CT_TGENCOST, CT_TAREAGENCOST, CT_MODCOST_F, ...
    CT_MODCOST_X] = idx_ct;

traj = struct( ...
    'type', 'mpcData', ...
    'rows', [], ...
    'table', CT_TGEN, ...
    'col', PMAX, ...
    'chgtype', CT_REL, ...
    'values', [] );
traj.rows(:, 1) = [
1:   1
];
traj.values(:, :, 1) = [
  0.84796315  0.84748631  0.84720822  0.84983382  0.84766385  0.84698626  0.85038909  0.85010778  0.84950896  0.84855912  0.84966422  0.84942951  0.84957940  0.84915530  0.84815093  0.85052385  0.84980963  0.84626026  0.84941264  0.84844214
  0.84522233  0.84231087  0.84274541  0.84697863  0.84523939  0.84321707  0.84719228  0.84798070  0.84664424  0.84493601  0.84739476  0.84719041  0.84628758  0.84695864  0.84535719  0.84826068  0.84766530  0.84154520  0.84701072  0.84550929
  0.83674287  0.83647531  0.83918729  0.84145147  0.84107450  0.83928539  0.84196972  0.84376073  0.84183856  0.84190063  0.84092304  0.84180113  0.83958981  0.84113505  0.83820645  0.84207697  0.84484058  0.83537941  0.84091581  0.84061665
  0.82688589  0.82612236  0.83395471  0.83205538  0.83332278  0.83248273  0.83681235  0.83928395  0.83596739  0.83666351  0.83156865  0.83250273  0.83151830  0.83330154  0.83274751  0.83177449  0.83702435  0.82638899  0.83430775  0.83513402
  0.81908193  0.80907724  0.82613558  0.81361137  0.82548523  0.82347780  0.82348296  0.83143283  0.82636471  0.82929044  0.81898681  0.81864825  0.81912216  0.82133625  0.82507061  0.81457086  0.82419087  0.81634090  0.82321555  0.82840362
  0.80921894  0.79820571  0.81503469  0.79820571  0.80954071  0.81180048  0.81153665  0.81769845  0.81220445  0.81869167  0.80510037  0.79820571  0.80402708  0.80436482  0.81125062  0.79820571  0.80488410  0.80768713  0.80543135  0.81479661
  0.79440246  0.76619861  0.80487887  0.76619861  0.79139914  0.79309087  0.78803105  0.80433937  0.79744422  0.80473154  0.79044936  0.76829211  0.78852942  0.78196209  0.79325832  0.77153879  0.77719201  0.78683663  0.78488335  0.79434854
  0.76763004  0.74680244  0.79096503  0.74232760  0.75727435  0.77416274  0.77577768  0.78670932  0.77719769  0.78513776  0.76551422  0.74232760  0.76339306  0.74942039  0.76347704  0.74876995  0.74232760  0.76620152  0.75869877  0.77500030
  0.74331006  0.73432086  0.76545575  0.72868197  0.72868197  0.74928763  0.75570865  0.76811654  0.75047069  0.75396305  0.74399951  0.72868197  0.73259639  0.72868197  0.73909961  0.73063818  0.72868197  0.74259246  0.74239413  0.75679569
  0.70931471  0.72307286  0.74238498  0.69742470  0.70282611  0.72505889  0.72136452  0.73522432  0.72093868  0.72062196  0.72028916  0.69742470  0.69742470  0.69742470  0.71060211  0.71428967  0.69742470  0.72592685  0.71934983  0.72838416
  0.67661813  0.71881153  0.70931822  0.67760677  0.68442481  0.70629572  0.69423192  0.69055442  0.68912643  0.68208048  0.70312505  0.66773224  0.65977420  0.66744397  0.67556560  0.69775596  0.65977420  0.70613284  0.69327737  0.69841067
  0.64499799  0.70201366  0.68687313  0.66437119  0.67097663  0.68345853  0.65502679  0.66022576  0.66353257  0.63933931  0.67856035  0.66509278  0.63901600  0.64868840  0.66408892  0.67977435  0.63901600  0.68833351  0.66137484  0.67007509
  0.61875109  0.68096316  0.65728439  0.64873013  0.64959001  0.65540616  0.63604483  0.62170192  0.64636347  0.61875109  0.66424635  0.65617101  0.61875109  0.64108039  0.64478608  0.65741520  0.61875109  0.66804886  0.62481014  0.63520094
  0.58548380  0.66249557  0.63492849  0.63428499  0.63366005  0.62517759  0.60457872  0.58598057  0.62648476  0.58534623  0.65790229  0.65703926  0.58308223  0.62741446  0.63436399  0.63221222  0.60792082  0.64816804  0.59526927  0.59499883
  0.56299278  0.64373294  0.61962382  0.61836266  0.61052577  0.60609546  0.58290208  0.56299278  0.60761444  0.56842754  0.64022998  0.64373294  0.57975476  0.61775606  0.61696654  0.61162632  0.59135141  0.62514468  0.56299278  0.56751357
  0.54819314  0.62518470  0.59267521  0.58783294  0.57216283  0.59300291  0.56110112  0.53646667  0.58366725  0.53766290  0.62336961  0.62518470  0.58059451  0.58786006  0.59783841  0.57120617  0.57759715  0.59566706  0.53646667  0.54645342
  0.52879476  0.59787677  0.57250350  0.56647156  0.53997229  0.57037878  0.54350590  0.52701797  0.55991979  0.50971719  0.59661246  0.59787677  0.57281394  0.56437373  0.57123220  0.54618451  0.55813957  0.57426023  0.50972587  0.53492186
  0.51860859  0.57107506  0.54938180  0.54310337  0.51715008  0.55328464  0.52747984  0.52144230  0.53368167  0.50030121  0.56363545  0.58657788  0.56406668  0.53472269  0.53738792  0.52052587  0.55113035  0.54481744  0.48849593  0.52111619
  0.51508124  0.54132478  0.53493497  0.52434683  0.50851891  0.54373990  0.51396653  0.51846716  0.52014799  0.48950703  0.53468982  0.57726708  0.56582443  0.49846236  0.51587135  0.50635434  0.52620676  0.53854782  0.48950703  0.51462011
  0.52179353  0.51150632  0.52484672  0.51829972  0.51017869  0.54010029  0.50267657  0.51595171  0.51058351  0.48933806  0.49875131  0.56415958  0.55926103  0.48885177  0.50856224  0.50426285  0.50524773  0.53069474  0.48208382  0.51349651
  0.53404005  0.48752406  0.51442180  0.51302144  0.51460056  0.53457868  0.49411547  0.51530816  0.50422751  0.49622388  0.47571322  0.54365155  0.55178221  0.47731696  0.50488336  0.50382881  0.49038462  0.52555973  0.47747760  0.50399969
  0.54842853  0.47193007  0.51767844  0.51716803  0.52955650  0.52739266  0.48690717  0.51573278  0.50235011  0.51295018  0.45901055  0.53305574  0.54652870  0.48689379  0.50283270  0.51893660  0.47994444  0.52431602  0.47666431  0.49645192
  0.57276709  0.45956292  0.52435939  0.52088613  0.54811411  0.52245192  0.48126214  0.51707490  0.50790854  0.53181033  0.44827750  0.52341969  0.54778663  0.49993662  0.51580608  0.53130294  0.47465869  0.52671165  0.48651742  0.48783426
  0.58270617  0.45455709  0.53214035  0.52696059  0.55798993  0.52199184  0.48091502  0.51177220  0.51985732  0.54676673  0.44383991  0.50874537  0.54203642  0.52073323  0.53179665  0.54495676  0.45746517  0.53532639  0.50203855  0.48081181
  0.60742790  0.45188870  0.53711451  0.53224236  0.56531784  0.51834638  0.47378256  0.51128273  0.52030026  0.56212656  0.43449446  0.50848463  0.53330551  0.53440013  0.55100894  0.55795933  0.44986311  0.53097046  0.50820257  0.47670879
];
