function traj = trajlc9t24d0311tr20f
% First hour of data is 0
% 2015.04.16
% Alberto J. Lamadrid

define_constants;
[CT_LABEL, CT_PROB, CT_TABLE, CT_TBUS, CT_TGEN, CT_TBRCH, CT_TAREABUS, ...
    CT_TAREAGEN, CT_TAREABRCH, CT_ROW, CT_COL, CT_CHGTYPE, CT_REP, ...
    CT_REL, CT_ADD, CT_NEWVAL, CT_TLOAD, CT_TAREALOAD, CT_LOAD_ALL_PQ, ...
    CT_LOAD_FIX_PQ, CT_LOAD_DIS_PQ, CT_LOAD_ALL_P, CT_LOAD_FIX_P, ...
    CT_LOAD_DIS_P, CT_TGENCOST, CT_TAREAGENCOST, CT_MODCOST_F, ...
    CT_MODCOST_X] = idx_ct;

traj = struct( ...
    'type', 'mpcData', ...
    'rows', [], ...
    'table', CT_TAREALOAD, ...
    'col', CT_LOAD_ALL_P, ...
    'chgtype', CT_REL, ...
    'values', [] );
traj.rows(:, 1) = [
1:   1
];
traj.values(:, :, 1) = [
  0.52844863  0.52844863  0.52844863  0.52844863  0.52844863  0.52844863  0.52844863  0.52844863  0.52844863  0.52844863  0.52844863  0.52844863  0.52844863  0.52844863  0.52844863  0.52844863  0.52844863  0.52844863  0.52844863  0.52844863
  0.48515875  0.48478526  0.48478526  0.48515875  0.48515875  0.48515875  0.48478526  0.48515875  0.48478526  0.48503298  0.48515875  0.48478526  0.48478526  0.48515875  0.48478526  0.48515875  0.48505149  0.48515875  0.48515875  0.48478526
  0.46732834  0.46783046  0.46783046  0.46732834  0.46778641  0.46732834  0.46732834  0.46783046  0.46732834  0.46748209  0.46783046  0.46732834  0.46732834  0.46783046  0.46783046  0.46783046  0.46732834  0.46783046  0.46732834  0.46732834
  0.45748242  0.45712463  0.45748242  0.45659828  0.45748242  0.45659828  0.45659828  0.45659828  0.45659828  0.45706593  0.45659828  0.45659828  0.45748242  0.45748242  0.45748242  0.45745194  0.45748242  0.45748242  0.45659828  0.45748242
  0.45756550  0.45756550  0.45756550  0.45756550  0.45756550  0.45806037  0.45773107  0.45756550  0.45806037  0.45756550  0.45756550  0.45806037  0.45806037  0.45756550  0.45756550  0.45806037  0.45756550  0.45756550  0.45806037  0.45756550
  0.47468736  0.47477322  0.47468736  0.47588690  0.47468736  0.47588690  0.47588690  0.47468736  0.47588690  0.47468736  0.47468736  0.47588690  0.47588690  0.47468736  0.47468736  0.47468736  0.47588690  0.47468736  0.47588690  0.47588690
  0.52066101  0.51903128  0.51903128  0.51903128  0.51903128  0.52066101  0.52066101  0.51903128  0.52066101  0.52066101  0.51903128  0.52066101  0.52066101  0.51903128  0.51952829  0.51903128  0.52066101  0.51903128  0.51903128  0.52066101
  0.59106340  0.58816444  0.58816444  0.59106340  0.58816444  0.59106340  0.59106340  0.58960894  0.59106340  0.59106340  0.58816444  0.59106340  0.58816444  0.58816444  0.58816444  0.58816444  0.59106340  0.58816444  0.58982685  0.59106340
  0.63966336  0.63966336  0.63966336  0.64252314  0.63966336  0.64252314  0.64252314  0.63968339  0.64252314  0.64252314  0.63966336  0.64252314  0.63966336  0.63966336  0.63966336  0.63966336  0.64179501  0.63966336  0.63975564  0.64252314
  0.66432919  0.66818061  0.66818061  0.66818061  0.66432919  0.66569627  0.66818061  0.66432919  0.66818061  0.66818061  0.66432919  0.66818061  0.66432919  0.66432919  0.66432919  0.66432919  0.66818061  0.66432919  0.66667939  0.66818061
  0.67556411  0.67860753  0.67860753  0.67860753  0.67556411  0.67556411  0.67860753  0.67556411  0.67860753  0.67860753  0.67556411  0.67827977  0.67556411  0.67860753  0.67556411  0.67860753  0.67860753  0.67556411  0.67860753  0.67860753
  0.67869929  0.68324716  0.68324716  0.68324716  0.67869929  0.67869929  0.68324716  0.67869929  0.68324716  0.68324716  0.67869929  0.68324716  0.67869929  0.68324716  0.68075004  0.68324716  0.68324716  0.68077640  0.68324716  0.68324716
  0.67293428  0.67804649  0.67804649  0.67804649  0.67293428  0.67711545  0.67804649  0.67293428  0.67804649  0.67804649  0.67666599  0.67804649  0.67293428  0.67804649  0.67405556  0.67804649  0.67804649  0.67804649  0.67804649  0.67804649
  0.66371005  0.66740813  0.66740813  0.66740813  0.66250805  0.66606229  0.66740813  0.66250805  0.66740813  0.66740813  0.66250805  0.66740813  0.66553639  0.66740813  0.66540247  0.66347171  0.66587216  0.66250805  0.66740813  0.66740813
  0.65694145  0.66060547  0.65809718  0.66060547  0.65402936  0.66060547  0.66060547  0.65402936  0.65925522  0.66060547  0.65402936  0.66060547  0.66060547  0.66060547  0.65402936  0.65537734  0.66060547  0.65402936  0.66060547  0.66060547
  0.64951903  0.65097859  0.64818839  0.64914183  0.64731037  0.65043591  0.65097859  0.64731037  0.64874235  0.64758125  0.64731037  0.64876315  0.65097859  0.65097859  0.64731037  0.64820095  0.65097859  0.64731037  0.65097859  0.65097859
  0.64534285  0.64534285  0.64461938  0.64534285  0.64461938  0.64461938  0.64534285  0.64461938  0.64534285  0.64461938  0.64461938  0.64461938  0.64534285  0.64461938  0.64461938  0.64461938  0.64534285  0.64461938  0.64534285  0.64534285
  0.65452845  0.65452845  0.65222694  0.65452845  0.65222694  0.65222694  0.65452845  0.65222694  0.65452845  0.65222694  0.65222694  0.65222694  0.65372586  0.65261211  0.65222694  0.65306473  0.65452845  0.65222694  0.65452845  0.65452845
  0.67393703  0.67393703  0.67098642  0.67221508  0.67098642  0.67098642  0.67393703  0.67098642  0.67393703  0.67098642  0.67098642  0.67393703  0.67098642  0.67098642  0.67098642  0.67393703  0.67393703  0.67098642  0.67393703  0.67393703
  0.69355028  0.69355028  0.69029711  0.69288657  0.69029711  0.69029711  0.69355028  0.69029711  0.69355028  0.69029711  0.69029711  0.69304399  0.69029711  0.69029711  0.69029711  0.69355028  0.69355028  0.69029711  0.69355028  0.69355028
  0.69026297  0.69026297  0.68938976  0.68474109  0.68474109  0.68474109  0.69026297  0.68474109  0.68474109  0.68474109  0.68474109  0.69026297  0.68474109  0.68474109  0.68474109  0.69026297  0.69026297  0.68474109  0.69026297  0.69026297
  0.67052960  0.67052960  0.66967581  0.66742540  0.66742540  0.66742540  0.67052960  0.66742540  0.66742540  0.66742540  0.66742540  0.67052960  0.66742540  0.66742540  0.66742540  0.67052960  0.67052960  0.66742540  0.67052960  0.67052960
  0.64083864  0.64083864  0.63940143  0.63940143  0.63940143  0.63940143  0.64083864  0.63940143  0.63940143  0.64083864  0.63940143  0.64083864  0.63940143  0.63940143  0.63940143  0.64083864  0.64083864  0.63940143  0.64083864  0.64083864
  0.58307750  0.58307750  0.57856984  0.58307750  0.57856984  0.57856984  0.57951952  0.57856984  0.57856984  0.58307750  0.57856984  0.58307750  0.57856984  0.58307750  0.57856984  0.58307750  0.58307750  0.57856984  0.58307750  0.58307750
  0.51897084  0.51897084  0.51357370  0.51897084  0.51357370  0.51357370  0.51411127  0.51357370  0.51357370  0.51897084  0.51357370  0.51882233  0.51357370  0.51897084  0.51373580  0.51897084  0.51897084  0.51357370  0.51897084  0.51897084
];
