function profiles = trajwc9t24d0311tr20
% First hour of data is 0
% 2014.07.24
% Alberto J. Lamadrid

define_constants
[CT_LABEL, CT_PROB, CT_TABLE, CT_TBUS, CT_TGEN, CT_TBRCH, CT_TAREABUS, ...
    CT_TAREAGEN, CT_TAREABRCH, CT_ROW, CT_COL, CT_CHGTYPE, CT_REP, ...
    CT_REL, CT_ADD, CT_NEWVAL, CT_TLOAD, CT_TAREALOAD, CT_LOAD_ALL_PQ, ...
    CT_LOAD_FIX_PQ, CT_LOAD_DIS_PQ, CT_LOAD_ALL_P, CT_LOAD_FIX_P, ...
    CT_LOAD_DIS_P, CT_TGENCOST, CT_TAREAGENCOST, CT_MODCOST_F, ...
    CT_MODCOST_X] = idx_ct;

profiles = struct( ...
    'type', 'mpcData', ...
    'rows', 1, ...
    'table', CT_TGEN, ...
    'col', PMAX, ...
    'chgtype', CT_REL, ...
    'values', [] );
profiles.values(:, :, 1) = [
  0.84766385  0.84862849  0.85112195  0.84951368  0.85006095  0.84765353  0.84751021  0.84885601  0.84717879  0.84357281  0.85056999  0.84732357  0.84461747  0.85077425  0.84871607  0.84842396  0.84854205  0.84933710  0.84927382  0.85037052
  0.84523939  0.84559540  0.84956991  0.84947020  0.84777517  0.84499694  0.84225776  0.84593320  0.84346048  0.83726295  0.84882398  0.84192725  0.83846472  0.84922067  0.84563991  0.84495221  0.84578762  0.84736622  0.85116073  0.84792474
  0.84107450  0.83987256  0.84679138  0.84667389  0.84423522  0.84204117  0.83353404  0.84277941  0.83747021  0.83429847  0.84480321  0.83370942  0.83344855  0.84591552  0.84102145  0.83870829  0.84240670  0.84387797  0.85018811  0.84519478
  0.83332278  0.83429670  0.83866582  0.84373844  0.83789684  0.83808364  0.82046273  0.83617346  0.83332979  0.82655167  0.83711287  0.82552434  0.82525809  0.84212191  0.83238307  0.83177490  0.83553965  0.83951295  0.84555665  0.84024146
  0.82548523  0.82470519  0.82576168  0.83679782  0.83028514  0.83173090  0.80189852  0.82386690  0.81801781  0.81735606  0.82405039  0.81340952  0.81424264  0.83319986  0.82510015  0.82400843  0.82491671  0.83040392  0.83547413  0.83277392
  0.80954071  0.81371359  0.81077120  0.82462376  0.81726893  0.82107355  0.78695479  0.80454124  0.80216959  0.80398318  0.80620192  0.80183193  0.80432150  0.81763122  0.81117248  0.80922566  0.80574066  0.81431491  0.81315749  0.81649906
  0.79139914  0.79605380  0.78977444  0.80937288  0.79821625  0.80288324  0.76846391  0.78057332  0.78685667  0.79125597  0.78168959  0.78949690  0.79403628  0.79092412  0.79296968  0.79731560  0.77987196  0.78985065  0.78447219  0.79239556
  0.75727435  0.77139308  0.77042408  0.77328763  0.77890796  0.78070267  0.75111454  0.75509619  0.75498372  0.77616523  0.75264602  0.77597481  0.78129071  0.76534045  0.76829060  0.77745049  0.75441512  0.76126284  0.74317104  0.76901118
  0.71980044  0.75078003  0.73808168  0.74991766  0.75362267  0.75992017  0.73019452  0.72576690  0.72537176  0.75825393  0.72021467  0.75474428  0.76625472  0.74404814  0.73640604  0.75494828  0.72851988  0.74056054  0.69678549  0.73494473
  0.70282611  0.73158099  0.71685339  0.72599285  0.73671275  0.73500921  0.70985448  0.70051286  0.69337532  0.74086578  0.68874181  0.71935519  0.74931479  0.72198596  0.70628695  0.71975775  0.70327030  0.70500762  0.64788808  0.70079826
  0.68442481  0.70720916  0.69907214  0.69904183  0.71329999  0.70769077  0.68220329  0.67157180  0.66711980  0.72053587  0.64912302  0.68590766  0.72958123  0.70060555  0.66910909  0.68799445  0.68286737  0.67416928  0.59933794  0.66684549
  0.67097663  0.67842871  0.68246111  0.67629822  0.68419409  0.67844535  0.64694878  0.65066996  0.65205356  0.69132366  0.62746090  0.66173361  0.70667592  0.66821819  0.63684710  0.66937498  0.66026508  0.63758293  0.57963175  0.64219722
  0.64959001  0.65159714  0.65880947  0.63230913  0.66129034  0.66251790  0.60968679  0.63331570  0.63583183  0.67267783  0.60573592  0.63819407  0.67723705  0.66352962  0.62158269  0.64437820  0.62293731  0.60476285  0.56059112  0.63324159
  0.63366005  0.63655001  0.62354228  0.60898306  0.62966917  0.64063752  0.57705982  0.61372206  0.63182097  0.64788634  0.58591428  0.62219822  0.65582047  0.64672941  0.61777005  0.62489741  0.59174733  0.58396911  0.55109964  0.61630857
  0.61052577  0.61602473  0.60275654  0.57708479  0.59688710  0.61852696  0.54946752  0.60099404  0.61827812  0.62231363  0.57353833  0.60530671  0.62718132  0.62968083  0.61767978  0.60680084  0.56251595  0.55641413  0.53803929  0.60119091
  0.57216283  0.58489694  0.56825804  0.54532169  0.56119154  0.60054028  0.52997411  0.58748985  0.59806861  0.58990757  0.55430256  0.60218808  0.60698779  0.60564280  0.62116015  0.58788181  0.54764138  0.54124414  0.54514912  0.57731315
  0.53997229  0.55309262  0.54183724  0.52943286  0.53880322  0.57915644  0.51197976  0.56929291  0.58673537  0.56285393  0.55930913  0.58324698  0.59152394  0.57219054  0.61403094  0.57437053  0.53887954  0.52775057  0.55491902  0.55497093
  0.51715008  0.52961365  0.51759374  0.49860295  0.51585020  0.56284666  0.50890749  0.55582049  0.56974689  0.55222516  0.55223155  0.55846870  0.57434951  0.56789141  0.60245485  0.56457528  0.53738438  0.52968357  0.55342849  0.53840456
  0.50851891  0.52399328  0.51913622  0.49272807  0.49736402  0.53749445  0.51083865  0.54167786  0.55176109  0.53230051  0.54954281  0.54004569  0.56202175  0.53007799  0.58610484  0.54837914  0.54967256  0.53306716  0.54550758  0.52207231
  0.51017869  0.50849822  0.52730904  0.48070358  0.49940447  0.52287208  0.51585690  0.53940014  0.54848213  0.52285736  0.55075350  0.52130523  0.53837708  0.51316839  0.55649843  0.53032312  0.55783759  0.52603678  0.54762606  0.51492483
  0.51460056  0.50070657  0.53219220  0.48404607  0.50811106  0.50984957  0.52778331  0.53635550  0.54964185  0.51619163  0.55586500  0.51253662  0.52478151  0.49622762  0.52884098  0.51417043  0.56802921  0.52758190  0.55606181  0.51322843
  0.52955650  0.49375481  0.54872846  0.49018750  0.51733025  0.49817441  0.53331529  0.53553836  0.55834540  0.51710632  0.56712501  0.50230426  0.50943261  0.48510779  0.49832964  0.49880735  0.57139239  0.53007187  0.55989145  0.51683021
  0.54811411  0.48641315  0.56002773  0.49421847  0.52078602  0.49396724  0.54561975  0.54568273  0.56637573  0.52275571  0.57227886  0.50681297  0.49095299  0.49045542  0.47734428  0.48098035  0.57780962  0.53911727  0.56385765  0.51941709
  0.55798993  0.48697109  0.57617094  0.50322357  0.53140278  0.48568133  0.55004711  0.55750219  0.57351445  0.52925450  0.57831023  0.51340654  0.47412149  0.48158451  0.46077016  0.46431439  0.58350962  0.53936281  0.56676970  0.52441198
  0.56531784  0.47730653  0.57986173  0.49875570  0.54350036  0.48256976  0.55972534  0.57019313  0.58737365  0.53439817  0.58483836  0.51555077  0.45766581  0.48658136  0.44310351  0.45110633  0.58619722  0.53810418  0.57477615  0.52759934
];
