function profiles = proflc9t24d0311
% First hour of data is 0
% 2014.07.21
% Alberto J. Lamadrid
define_constants
[CT_LABEL, CT_PROB, CT_TABLE, CT_TBUS, CT_TGEN, CT_TBRCH, CT_TAREABUS, ...
    CT_TAREAGEN, CT_TAREABRCH, CT_ROW, CT_COL, CT_CHGTYPE, CT_REP, ...
    CT_REL, CT_ADD, CT_NEWVAL, CT_TLOAD, CT_TAREALOAD, CT_LOAD_ALL_PQ, ...
    CT_LOAD_FIX_PQ, CT_LOAD_DIS_PQ, CT_LOAD_ALL_P, CT_LOAD_FIX_P, ...
    CT_LOAD_DIS_P, CT_TGENCOST, CT_TAREAGENCOST, CT_MODCOST_F, ...
    CT_MODCOST_X] = idx_ct;

profiles = struct( ...
    'type', 'mpcData', ...
    'rows', [], ...
    'table', CT_TAREALOAD, ...
    'col', CT_LOAD_ALL_P, ...
    'chgtype', CT_REL, ...
    'values', [] );
profiles.rows(:, 1) = [
1:   1
];
profiles.values(:, :, 1) = [
  0.52844863  0.52844863  0.52844863  0.52844863  0.52844863
  0.48478526  0.48494703  0.48513406  0.48500691  0.48515875
  0.46752712  0.46759792  0.46753514  0.46783046  0.46732834
  0.45659828  0.45748242  0.45745932  0.45722454  0.45721251
  0.45806037  0.45766212  0.45773840  0.45756550  0.45782507
  0.47588690  0.47468736  0.47482832  0.47491961  0.47469977
  0.52066101  0.51903128  0.51956424  0.51992522  0.51953146
  0.59106340  0.58816444  0.58851928  0.58888650  0.58942365
  0.64252314  0.64005785  0.63966336  0.63974983  0.64062798
  0.66818061  0.66450003  0.66474608  0.66470412  0.66432919
  0.67704593  0.67860753  0.67672748  0.67726879  0.67556411
  0.68293407  0.68324716  0.68190047  0.68227781  0.67869929
  0.67708263  0.67804649  0.67648854  0.67761153  0.67293428
  0.66640164  0.66740813  0.66541694  0.66707636  0.66250805
  0.66010794  0.66038946  0.65916467  0.66060547  0.65402936
  0.65097859  0.65062120  0.65011233  0.65055499  0.64731037
  0.64534285  0.64502429  0.64461938  0.64495696  0.64490364
  0.65343272  0.65383929  0.65252877  0.65222694  0.65452845
  0.67136069  0.67393703  0.67204443  0.67098642  0.67330605
  0.69355028  0.69289331  0.69158235  0.69029711  0.69042340
  0.69026297  0.68735869  0.68625074  0.68474109  0.68672961
  0.66852661  0.67052960  0.66841117  0.66814156  0.66742540
  0.63940143  0.64083864  0.63997257  0.64038421  0.64050797
  0.57856984  0.58256647  0.58240174  0.58307750  0.58264458
  0.51357370  0.51887927  0.51847248  0.51897084  0.51867183
];
