function transmat = transmatc9t24j5d0311
% 2014.07.21
% Alberto J. Lamadrid
transmat0 = [
  0.80000000  0.03448276  0.00000010  0.00000010  0.00000010
  0.20000000  0.71034483  0.05606061  0.00000010  0.00000010
  0.00000010  0.25517241  0.88030303  0.28965517  0.00000010
  0.00000010  0.00000010  0.06363636  0.62758621  0.48000000
  0.00000010  0.00000010  0.00000010  0.08275862  0.52000000
];
transmat{1} = transmat0(:, 3);
transmat{2} = [
  0.56000000  0.07586207  0.00000010  0.00000010  0.00000010
  0.40000000  0.55172414  0.08333333  0.00000010  0.00000010
  0.04000000  0.37241379  0.84090909  0.33793103  0.04000000
  0.00000010  0.00000010  0.07575758  0.58620690  0.40000000
  0.00000010  0.00000010  0.00000010  0.07586207  0.56000000
];
transmat{3} = [
  0.52000000  0.08275862  0.00000010  0.00000010  0.00000010
  0.36000000  0.70344828  0.05151515  0.00000010  0.00000010
  0.12000000  0.21379310  0.88939394  0.26896552  0.00000010
  0.00000010  0.00000010  0.05909091  0.66206897  0.40000000
  0.00000010  0.00000010  0.00000010  0.06896552  0.60000000
];
transmat{4} = [
  0.64000000  0.06206897  0.00000010  0.00000010  0.00000010
  0.36000000  0.66896552  0.05909091  0.00000010  0.00000010
  0.00000010  0.26896552  0.89393939  0.21379310  0.00000010
  0.00000010  0.00000010  0.04696970  0.73103448  0.32000000
  0.00000010  0.00000010  0.00000010  0.05517241  0.68000000
];
transmat{5} = [
  0.76000000  0.04137931  0.00000010  0.00000010  0.00000010
  0.24000000  0.71034483  0.05454545  0.00000010  0.00000010
  0.00000010  0.24827586  0.89545455  0.22758621  0.00000010
  0.00000010  0.00000010  0.05000000  0.72413793  0.28000000
  0.00000010  0.00000010  0.00000010  0.04827586  0.72000000
];
transmat{6} = [
  0.80000000  0.03448276  0.00000010  0.00000010  0.00000010
  0.20000000  0.77241379  0.04242424  0.00000010  0.00000010
  0.00000010  0.19310345  0.90606061  0.23448276  0.00000010
  0.00000010  0.00000010  0.05151515  0.71034483  0.32000000
  0.00000010  0.00000010  0.00000010  0.05517241  0.68000000
];
transmat{7} = [
  0.76000000  0.04137931  0.00000010  0.00000010  0.00000010
  0.24000000  0.78620690  0.03787879  0.00000010  0.00000010
  0.00000010  0.17241379  0.92424242  0.17241379  0.00000010
  0.00000010  0.00000010  0.03787879  0.78620690  0.24000000
  0.00000010  0.00000010  0.00000010  0.04137931  0.76000000
];
transmat{8} = [
  0.76000000  0.04137931  0.00000010  0.00000010  0.00000010
  0.24000000  0.84827586  0.02424242  0.00000010  0.00000010
  0.00000010  0.11034483  0.94848485  0.12413793  0.00000010
  0.00000010  0.00000010  0.02727273  0.82068966  0.32000000
  0.00000010  0.00000010  0.00000010  0.05517241  0.68000000
];
transmat{9} = [
  0.76000000  0.04137931  0.00000010  0.00000010  0.00000010
  0.24000000  0.80689655  0.03333333  0.00000010  0.00000010
  0.00000010  0.15172414  0.94090909  0.11724138  0.00000010
  0.00000010  0.00000010  0.02575758  0.85517241  0.16000000
  0.00000010  0.00000010  0.00000010  0.02758621  0.84000000
];
transmat{10} = [
  0.84000000  0.02758621  0.00000010  0.00000010  0.00000010
  0.16000000  0.82068966  0.03333333  0.00000010  0.00000010
  0.00000010  0.15172414  0.93787879  0.13103448  0.00000010
  0.00000010  0.00000010  0.02878788  0.83448276  0.20000000
  0.00000010  0.00000010  0.00000010  0.03448276  0.80000000
];
transmat{11} = [
  0.80000000  0.03448276  0.00000010  0.00000010  0.00000010
  0.20000000  0.77241379  0.04242424  0.00000010  0.00000010
  0.00000010  0.19310345  0.92424242  0.15172414  0.00000010
  0.00000010  0.00000010  0.03333333  0.82758621  0.12000000
  0.00000010  0.00000010  0.00000010  0.02068966  0.88000000
];
transmat{12} = [
  0.84000000  0.02758621  0.00000010  0.00000010  0.00000010
  0.16000000  0.84827586  0.02727273  0.00000010  0.00000010
  0.00000010  0.12413793  0.94242424  0.13793103  0.00000010
  0.00000010  0.00000010  0.03030303  0.83448276  0.16000000
  0.00000010  0.00000010  0.00000010  0.02758621  0.84000000
];
transmat{13} = [
  0.80000000  0.03448276  0.00000010  0.00000010  0.00000010
  0.20000000  0.82758621  0.03030303  0.00000010  0.00000010
  0.00000010  0.13793103  0.93939394  0.13793103  0.00000010
  0.00000010  0.00000010  0.03030303  0.82758621  0.20000000
  0.00000010  0.00000010  0.00000010  0.03448276  0.80000000
];
transmat{14} = [
  0.84000000  0.02758621  0.00000010  0.00000010  0.00000010
  0.16000000  0.82758621  0.03181818  0.00000010  0.00000010
  0.00000010  0.14482759  0.93030303  0.17241379  0.00000010
  0.00000010  0.00000010  0.03787879  0.81379310  0.08000000
  0.00000010  0.00000010  0.00000010  0.01379310  0.92000000
];
transmat{15} = [
  0.92000000  0.01379310  0.00000010  0.00000010  0.00000010
  0.08000000  0.82068966  0.03636364  0.00000010  0.00000010
  0.00000010  0.16551724  0.93181818  0.14482759  0.00000010
  0.00000010  0.00000010  0.03181818  0.82758621  0.16000000
  0.00000010  0.00000010  0.00000010  0.02758621  0.84000000
];
transmat{16} = [
  0.88000000  0.02068966  0.00000010  0.00000010  0.00000010
  0.12000000  0.83448276  0.03181818  0.00000010  0.00000010
  0.00000010  0.14482759  0.93787879  0.13793103  0.00000010
  0.00000010  0.00000010  0.03030303  0.82758621  0.20000000
  0.00000010  0.00000010  0.00000010  0.03448276  0.80000000
];
transmat{17} = [
  0.92000000  0.01379310  0.00000010  0.00000010  0.00000010
  0.08000000  0.84137931  0.03181818  0.00000010  0.00000010
  0.00000010  0.14482759  0.93787879  0.13793103  0.00000010
  0.00000010  0.00000010  0.03030303  0.82758621  0.20000000
  0.00000010  0.00000010  0.00000010  0.03448276  0.80000000
];
transmat{18} = [
  0.80000000  0.03448276  0.00000010  0.00000010  0.00000010
  0.20000000  0.82068966  0.03181818  0.00000010  0.00000010
  0.00000010  0.14482759  0.93333333  0.15862069  0.00000010
  0.00000010  0.00000010  0.03484848  0.81379310  0.16000000
  0.00000010  0.00000010  0.00000010  0.02758621  0.84000000
];
transmat{19} = [
  0.80000000  0.03448276  0.00000010  0.00000010  0.00000010
  0.20000000  0.82068966  0.03181818  0.00000010  0.00000010
  0.00000010  0.14482759  0.93636364  0.14482759  0.00000010
  0.00000010  0.00000010  0.03181818  0.82758621  0.16000000
  0.00000010  0.00000010  0.00000010  0.02758621  0.84000000
];
transmat{20} = [
  0.76000000  0.04137931  0.00000010  0.00000010  0.00000010
  0.24000000  0.80000000  0.03484848  0.00000010  0.00000010
  0.00000010  0.15862069  0.93181818  0.15172414  0.00000010
  0.00000010  0.00000010  0.03333333  0.81379310  0.20000000
  0.00000010  0.00000010  0.00000010  0.03448276  0.80000000
];
transmat{21} = [
  0.76000000  0.04137931  0.00000010  0.00000010  0.00000010
  0.24000000  0.77931034  0.03939394  0.00000010  0.00000010
  0.00000010  0.17931034  0.92575758  0.15862069  0.00000010
  0.00000010  0.00000010  0.03484848  0.80689655  0.20000000
  0.00000010  0.00000010  0.00000010  0.03448276  0.80000000
];
transmat{22} = [
  0.84000000  0.02758621  0.00000010  0.00000010  0.00000010
  0.16000000  0.88275862  0.01969697  0.00000010  0.00000010
  0.00000010  0.08965517  0.95454545  0.11724138  0.00000010
  0.00000010  0.00000010  0.02575758  0.84827586  0.20000000
  0.00000010  0.00000010  0.00000010  0.03448276  0.80000000
];
transmat{23} = [
  0.92000000  0.01379310  0.00000010  0.00000010  0.00000010
  0.08000000  0.88275862  0.02272727  0.00000010  0.00000010
  0.00000010  0.10344828  0.95303030  0.11034483  0.00000010
  0.00000010  0.00000010  0.02424242  0.85517241  0.20000000
  0.00000010  0.00000010  0.00000010  0.03448276  0.80000000
];
